num_cat	recon_cat	ari
2	2	0.7026396121386246
2	2	0.9208012930401136
2	2	0.6044831849956539
2	2	0.5429855388345354
2	2	0.6044444444444445
2	2	0.7720979591836735
2	2	0.8448427857772554
2	2	0.7721016799725718
2	2	0.02256243648192515
2	2	0.8448427857772554
2	2	0.7721016799725718
2	2	0.7369696969696969
2	2	0.8824127248460211
2	2	0.4573484069886947
2	2	0.7369696969696969
2	2	0.6690584936388015
2	2	0.5429855388345354
2	2	0.6363502791654423
2	2	0.7026396121386246
2	2	0.6363265306122449
2	2	0.5430004612075475
2	2	1.0
2	2	0.7026007738649165
2	2	0.06923905592008622
2	2	-0.007995300721208711
2	2	0.6363799604956006
2	2	0.5432092721553845
2	2	0.7025959183673469
2	2	0.4298989898989899
2	2	0.7026007738649165
2	2	0.6044444444444445
2	2	0.7369439308410987
2	3	0.21827068315506376
2	2	0.8448427857772554
2	2	0.6044186131938011
2	2	0.5733524869815048
2	2	0.7026007738649165
2	2	0.4848148435363599
2	2	0.6363799604956006
2	3	0.51312868688603
2	2	0.6044056963032804
2	2	0.6364215062187837
2	2	0.43012226614610743
2	3	0.20724893007361753
2	2	0.7720979591836735
2	2	0.4569497502203938
2	2	0.2843977160022693
2	2	0.7369525201115061
2	2	0.5134857142857143
2	2	0.40366313521278513
2	2	0.6044831849956539
2	2	0.4569497502203938
2	2	0.6690692994951206
2	2	0.7025959183673469
2	2	0.5135174845724361
2	2	0.8824127248460211
2	2	0.513557191596337
2	2	0.7369439308410987
2	2	0.6363502791654423
2	2	0.6363799604956006
2	2	0.6691233181935041
2	2	0.7369439308410987
2	2	0.7721016799725718
2	2	0.7721016799725718
2	2	0.7721016799725718
2	2	0.7369439308410987
2	2	0.6690584936388015
2	2	0.4298431434973735
2	2	0.8080620079101718
2	2	0.8824127248460211
2	2	0.6363324680413381
2	2	0.403925855823516
2	2	0.9208
2	2	0.6044056963032804
2	2	0.8824165642894751
2	2	0.6690692994951206
2	2	0.7369696969696969
2	2	0.7369525201115061
2	2	0.7369439308410987
2	2	0.7721128416103438
2	2	0.9208012930401136
2	2	0.6045348272611911
2	2	0.7720979591836735
2	2	0.7025959183673469
2	2	0.8080682750429576
2	2	0.4569231522750649
2	2	0.5135174845724361
2	2	0.6690584936388015
2	2	0.8080620079101718
2	2	0.8824127248460211
2	2	0.8824127248460211
2	2	0.6044186131938011
2	2	0.9599960816486464
2	2	0.6690584936388015
2	3	0.634492176479968
2	2	0.6044056963032804
2	2	0.48505024049347056
2	2	0.43002925563385164
2	3	0.7001924908147961
2	2	0.6363324680413381
4	3	0.21604398586290371
4	4	0.25867738018256214
4	4	0.2740955671774312
4	3	0.24034090670480648
4	3	0.21040296178075332
4	4	0.20922254277202365
4	3	0.20039190253554334
4	3	0.2486468579334805
4	4	0.20172635839367695
4	3	0.3448652242534962
4	4	0.07879662075860329
4	3	0.3027442251938242
4	3	0.2111026239539816
4	4	0.2122184216121995
4	3	0.20333142697158885
4	5	0.08666868058640606
4	3	0.11171162826410595
4	3	0.28354826160600594
4	3	0.22863919456993936
4	4	0.2278242981198887
4	3	0.37786263931486114
4	3	0.23612669965494668
4	4	0.20124841727654502
4	4	0.1393274035079176
4	3	0.21275747952213137
4	4	0.3270894467882861
4	4	0.28697601875623524
4	3	0.2473536652609834
4	4	0.11746658490308517
4	5	0.22824958533704046
4	4	0.09661859838016461
4	3	0.14158945194023595
4	4	0.1271066085658317
4	3	0.22215541605727926
4	4	0.06596489287696042
4	4	0.2209804694833315
4	4	0.35902826991606684
4	4	0.24091696276314556
4	3	0.21582549887373734
4	4	0.27696529454904945
4	3	0.25109165347288176
4	4	0.22192029626788198
4	3	0.3054626051538899
4	4	0.2023177895385174
4	3	0.20192892243395205
4	4	0.2546836645172462
4	4	0.2944111588189417
4	4	0.18692052624801475
4	4	0.2459849357330241
4	4	0.16029483141253298
4	4	0.20106644812087793
4	3	0.22004348140438545
4	3	0.21015549675900558
4	3	0.3411538276651635
4	4	0.22209208754086907
4	3	0.20851049166234914
4	3	0.23999094542804641
4	4	0.1360449852745617
4	4	0.25273330154971907
4	3	0.23813169984686067
4	4	0.14785721569387505
4	3	0.0705534515941184
4	4	0.24353093098448744
4	4	0.11503734401590535
4	3	0.1349227522402565
4	3	0.30390486929588834
4	3	0.23929423286524393
4	4	0.23762196047954778
4	4	0.15235452374317315
4	3	0.20816616709875838
4	4	0.2078474307653256
4	3	0.424872274355414
4	3	0.21235193027498303
4	4	0.21639679668370088
4	3	0.20732690301488146
4	4	0.26972835020047775
4	4	0.13187441893728097
4	4	0.2065599643984249
4	4	0.1076127982667731
4	3	0.3483513453500203
4	4	0.2521695285473162
4	3	0.20511415176643422
4	4	0.16109842111364908
4	4	0.18946856410598714
4	3	0.0739115316748105
4	4	0.09267553634980419
4	4	0.09335103212654233
4	4	0.20143824718614145
4	3	0.3239468248897076
4	4	0.07073779819817189
4	3	0.07186598316135631
4	4	0.10239181227413764
4	4	0.3020946712824239
4	3	0.26678287706810366
4	4	0.2016652398719293
4	4	0.10943029991512153
4	4	0.32324983236421506
4	3	0.2586865798376204
4	4	0.23282681147137138
4	4	0.23243254123510965
3	3	0.4042473821645677
3	2	0.3356187704348394
3	4	0.14840510263735854
3	3	0.3214518887827724
3	3	0.3120992151853467
3	3	0.3257499246255954
3	3	0.3138827858238594
3	3	0.4052317187101888
3	2	0.3808660502176367
3	3	0.33722211744358954
3	4	0.3056412998227565
3	3	0.15945397498714275
3	3	0.3455373310976092
3	4	0.5044429140140761
3	3	0.4365411152676634
3	3	0.14829035718972686
3	3	0.052096437727916986
3	3	0.4054340003652026
3	2	0.2369676230080233
3	3	0.353705509785096
3	3	0.33089160310205906
3	2	0.3190980836428472
3	3	0.4154479708923765
3	3	0.3119573407959357
3	2	0.398653045404602
3	3	0.3833825738641828
3	3	0.3730653385413511
3	3	0.4741131552293598
3	2	0.43465703122704974
3	2	0.32325080060111105
3	3	0.34089309041187316
3	2	0.33541991756971196
3	3	0.49318286185694366
3	3	0.4057798442579572
3	2	0.33599763596760895
3	3	0.36595059888323667
3	3	0.5022611250469233
3	3	0.16539595446176886
3	3	0.3121442395843944
3	3	0.3210428540770554
3	3	0.32657313755742584
3	3	0.37495772070465944
3	3	0.3246962826163622
3	3	0.3321962147673254
3	3	0.3828537175131152
3	3	0.3134011376324662
3	3	0.3034309272960324
3	3	0.32729115911865464
3	3	0.32869018349825363
3	3	0.3544532783400718
3	3	0.4472399202637597
3	3	0.5894952542687378
3	2	0.33599763596760895
3	3	0.31637257140372055
3	3	0.4028653841761684
3	4	0.36464555974938895
3	3	0.18776159552612023
3	2	0.3757211171011122
3	3	0.3189129880278069
3	3	0.37583376473737345
3	3	0.3006512594806165
3	3	0.3321737900519459
3	2	0.3391359714213153
3	3	0.32683421920759187
3	3	0.3921061787185927
3	2	0.3156380818466348
3	3	0.48489469891474374
3	3	0.36923999303229044
3	3	0.19928425637203062
3	3	0.41073755113297494
3	3	0.3550307227456568
3	3	0.30402984181878495
3	3	0.44548714891523133
3	3	0.43955469833857813
3	4	0.39624598438327197
3	2	0.3389055868065203
3	3	0.4521601564518501
3	3	0.49846825798011724
3	3	0.4012799791555558
3	3	0.32126915823091123
3	4	0.30717650993282036
3	3	0.3219000552247891
3	3	0.4362928025632365
3	4	0.3346729180620674
3	3	0.37365132985778393
3	3	0.3069730697704628
3	3	0.12311007557752823
3	3	0.21932786878694266
3	3	0.3930339178060708
3	2	0.33671156601450003
3	3	0.30934644647263737
3	3	0.41326641349289484
3	3	0.16029753300959837
3	3	0.42717354355180726
3	2	0.32458917105530877
3	3	0.34130351201380377
3	3	0.3285902056163373
3	3	0.35792841431713657
3	3	0.3116949209894089
3	3	0.3056566947156367
