num_cat	recon_cat	ari	mag	cov
2	2	0.8080620079101718	16x	0.1
2	2	0.7721314419105765	16x	0.1
2	2	0.5429855388345354	16x	0.1
2	2	0.7369954580512469	16x	0.1
2	2	0.5732967625018367	16x	0.1
2	2	0.9599960816486464	16x	0.1
2	2	0.8448427857772554	16x	0.1
2	2	0.8824165642894751	16x	0.1
2	1	0.0	16x	0.1
2	2	0.6045348272611911	16x	0.1
2	2	0.9599960816486464	16x	0.1
2	2	0.8824127248460211	16x	0.1
2	2	0.9599960816486464	16x	0.1
2	2	1.0	16x	0.1
2	2	0.9599960816486464	16x	0.1
2	2	0.8080620079101718	16x	0.1
2	2	0.9208	16x	0.1
2	2	0.5734012339633728	16x	0.1
2	2	0.8080682750429576	16x	0.1
2	2	0.9208012930401136	16x	0.1
2	2	0.8824165642894751	16x	0.1
2	2	0.5732967625018367	16x	0.1
2	2	0.48505024049347056	16x	0.1
2	2	0.5430750584576962	16x	0.1
2	2	0.8824165642894751	16x	0.1
2	2	0.6045348272611911	16x	0.1
2	2	1.0	16x	0.1
2	2	0.6044186131938011	16x	0.1
2	2	0.3543232622980222	16x	0.1
2	2	0.8448351863643042	16x	0.1
2	2	1.0	16x	0.1
2	2	0.8448427857772554	16x	0.1
2	2	1.0	16x	0.1
2	2	0.7369439308410987	16x	0.1
2	2	0.5733524869815048	16x	0.1
2	2	0.7369525201115061	16x	0.1
2	2	0.9208	16x	0.1
2	2	0.6363502791654423	16x	0.1
2	2	0.9208012930401136	16x	0.1
2	2	0.8448427857772554	16x	0.1
2	2	0.403925855823516	16x	0.1
2	2	0.9208012930401136	16x	0.1
2	2	0.9599960816486464	16x	0.1
2	2	0.5732967625018367	16x	0.1
2	2	0.8824165642894751	16x	0.1
2	2	0.9208012930401136	16x	0.1
2	2	0.8448427857772554	16x	0.1
2	2	0.6691665204565022	16x	0.1
2	2	0.8080682750429576	16x	0.1
2	2	0.8824165642894751	16x	0.1
2	2	0.4299548253614583	16x	0.1
2	2	0.8824165642894751	16x	0.1
2	2	0.07389482573813623	16x	0.1
2	2	0.5137714975687759	16x	0.1
2	2	0.7026153394064061	16x	0.1
2	2	0.5430303030303031	16x	0.1
2	2	0.6691665204565022	16x	0.1
2	2	0.6690692994951206	16x	0.1
2	2	0.9208	16x	0.1
2	2	0.9599960816486464	16x	0.1
2	1	0.0	16x	0.1
2	2	0.48489893857963096	16x	0.1
2	2	1.0	16x	0.1
2	2	0.6363324680413381	16x	0.1
2	2	0.6045993611318492	16x	0.1
2	2	1.0	16x	0.1
2	2	1.0	16x	0.1
2	2	0.8080808080808081	16x	0.1
2	2	0.8824165642894751	16x	0.1
2	2	0.3788510695546885	16x	0.1
2	2	0.7026396121386246	16x	0.1
2	2	0.8448427857772554	16x	0.1
2	2	1.0	16x	0.1
2	2	0.9208	16x	0.1
2	2	0.6690584936388015	16x	0.1
2	2	0.8080808080808081	16x	0.1
2	2	0.6690584936388015	16x	0.1
2	2	0.8080620079101718	16x	0.1
2	2	0.6044056963032804	16x	0.1
2	2	0.8080682750429576	16x	0.1
2	2	0.8448427857772554	16x	0.1
2	2	0.9208012930401136	16x	0.1
2	2	0.7369525201115061	16x	0.1
2	2	0.9599960816486464	16x	0.1
2	2	0.9208	16x	0.1
2	2	0.8080682750429576	16x	0.1
2	2	0.6691665204565022	16x	0.1
2	2	0.8448351863643042	16x	0.1
2	2	0.5432092721553845	16x	0.1
2	2	0.6045348272611911	16x	0.1
2	2	0.7026153394064061	16x	0.1
2	2	0.8448351863643042	16x	0.1
2	2	0.8824127248460211	16x	0.1
2	1	0.0	16x	0.1
2	2	0.9208012930401136	16x	0.1
2	2	0.6691665204565022	16x	0.1
2	2	0.4040522683893701	16x	0.1
2	2	0.8824165642894751	16x	0.1
2	2	0.8448351863643042	16x	0.1
2	2	0.9599960816486464	16x	0.1
2	2	0.7369696969696969	16x	0.5
2	2	0.9599960816486464	16x	0.5
2	2	0.24427480916030533	16x	0.5
2	2	0.7369954580512469	16x	0.5
2	1	0.0	16x	0.5
2	2	0.6364215062187837	16x	0.5
2	2	0.8824127248460211	16x	0.5
2	2	0.8448427857772554	16x	0.5
2	2	0.18602261048304208	16x	0.5
2	2	0.8448427857772554	16x	0.5
2	2	0.8080808080808081	16x	0.5
2	2	0.45705611595338363	16x	0.5
2	2	0.9599960816486464	16x	0.5
2	2	1.0	16x	0.5
2	2	0.8824165642894751	16x	0.5
2	2	0.7026735873078053	16x	0.5
2	3	0.7727899394122868	16x	0.5
2	2	0.5430750584576962	16x	0.5
2	2	0.8448427857772554	16x	0.5
2	2	0.8080682750429576	16x	0.5
2	2	0.9599960816486464	16x	0.5
2	2	0.8448427857772554	16x	0.5
2	2	0.8448427857772554	16x	0.5
2	2	0.6690584936388015	16x	0.5
2	2	0.7026735873078053	16x	0.5
2	2	0.6363324680413381	16x	0.5
2	2	1.0	16x	0.5
2	2	0.5430004612075475	16x	0.5
2	2	0.6044056963032804	16x	0.5
2	2	0.8080808080808081	16x	0.5
2	2	0.9208012930401136	16x	0.5
2	2	0.24427480916030533	16x	0.5
2	2	1.0	16x	0.5
2	2	0.45713586291309677	16x	0.5
2	2	0.8824165642894751	16x	0.5
2	2	0.8448427857772554	16x	0.5
2	3	0.4833683279920433	16x	0.5
2	3	0.6950706212956032	16x	0.5
2	2	0.7026153394064061	16x	0.5
2	2	0.9599960816486464	16x	0.5
2	2	0.2859132729738646	16x	0.5
2	1	0.0	16x	0.5
2	2	1.0	16x	0.5
2	2	0.07240341602277349	16x	0.5
2	2	0.9599960816486464	16x	0.5
2	2	0.06277185501066095	16x	0.5
2	2	0.7026735873078053	16x	0.5
2	3	0.5067943944713041	16x	0.5
2	2	0.5432092721553845	16x	0.5
2	2	0.8824127248460211	16x	0.5
2	2	0.002427096100870092	16x	0.5
2	2	0.02918749315918121	16x	0.5
2	2	0.7369696969696969	16x	0.5
2	2	0.7369439308410987	16x	0.5
2	2	0.5432987041591718	16x	0.5
2	2	0.2859132729738646	16x	0.5
2	2	0.264156479217604	16x	0.5
2	2	0.7369696969696969	16x	0.5
2	2	1.0	16x	0.5
2	2	1.0	16x	0.5
2	2	0.3788510695546885	16x	0.5
2	2	0.15453436356242375	16x	0.5
2	2	0.8448351863643042	16x	0.5
2	2	0.6044056963032804	16x	0.5
2	2	0.9208012930401136	16x	0.5
2	2	0.9208	16x	0.5
2	2	0.9599960816486464	16x	0.5
2	2	0.9599960816486464	16x	0.5
2	2	0.019259861732411548	16x	0.5
2	2	0.4040522683893701	16x	0.5
2	2	0.9599960816486464	16x	0.5
2	2	0.7721314419105765	16x	0.5
2	2	1.0	16x	0.5
2	2	0.18796992481203004	16x	0.5
2	2	0.8080808080808081	16x	0.5
2	2	0.3545232273838631	16x	0.5
2	2	0.7721128416103438	16x	0.5
2	2	0.6045348272611911	16x	0.5
2	2	0.8824127248460211	16x	0.5
2	2	0.8080808080808081	16x	0.5
2	2	1.0	16x	0.5
2	2	0.1359550515951868	16x	0.5
2	2	1.0	16x	0.5
2	2	0.8448351863643042	16x	0.5
2	2	0.5732967625018367	16x	0.5
2	2	0.3543232622980222	16x	0.5
2	2	0.7026735873078053	16x	0.5
2	2	0.6044444444444445	16x	0.5
2	2	0.43051257903941875	16x	0.5
2	2	0.7721128416103438	16x	0.5
2	2	0.8448427857772554	16x	0.5
2	2	0.6363799604956006	16x	0.5
2	2	0.8448427857772554	16x	0.5
2	2	0.6691665204565022	16x	0.5
2	2	0.5134857142857143	16x	0.5
2	2	0.9208	16x	0.5
2	2	0.5432092721553845	16x	0.5
2	3	0.7031891005321302	16x	0.5
2	3	0.601237842617153	16x	0.9
2	3	0.6876076893798319	16x	0.9
2	3	0.22072757621876382	16x	0.9
2	3	0.6446588113957361	16x	0.9
2	3	0.18288181115785088	16x	0.9
2	2	0.9208012930401136	16x	0.9
2	3	0.6609713885922598	16x	0.9
2	2	0.9599960816486464	16x	0.9
2	2	0.20527106777610787	16x	0.9
2	2	0.6045348272611911	16x	0.9
2	3	0.7001679834223659	16x	0.9
2	2	0.1243781094527363	16x	0.9
2	3	0.7468030690537084	16x	0.9
2	3	0.7472092185812027	16x	0.9
2	2	1.0	16x	0.9
2	4	0.4724083183248479	16x	0.9
2	3	0.7192414563579592	16x	0.9
2	4	0.43504231777510655	16x	0.9
2	2	0.8080808080808081	16x	0.9
2	3	0.8153951845066736	16x	0.9
2	3	0.7472092185812027	16x	0.9
2	3	0.870982633456028	16x	0.9
2	2	0.9599960816486464	16x	0.9
2	2	0.7721314419105765	16x	0.9
2	3	0.4767523264049521	16x	0.9
2	3	0.6633135392410036	16x	0.9
2	3	0.6304034582132565	16x	0.9
2	3	0.687725269914781	16x	0.9
2	2	0.18549111151014552	16x	0.9
2	2	1.0	16x	0.9
2	2	0.8080682750429576	16x	0.9
2	2	1.0	16x	0.9
2	2	0.513557191596337	16x	0.9
2	2	1.0	16x	0.9
2	2	0.7721314419105765	16x	0.9
2	3	0.7472092185812027	16x	0.9
2	3	0.19308111026137031	16x	0.9
2	2	0.9208	16x	0.9
2	3	0.6875974608008055	16x	0.9
2	1	0.0	16x	0.9
2	3	0.27180555612405705	16x	0.9
2	2	0.9208012930401136	16x	0.9
2	2	0.8080682750429576	16x	0.9
2	2	1.0	16x	0.9
2	2	0.9208012930401136	16x	0.9
2	4	0.36527788602345485	16x	0.9
2	4	0.5022595858109493	16x	0.9
2	3	0.6873189650940155	16x	0.9
2	2	1.0	16x	0.9
2	2	0.9599960816486464	16x	0.9
2	2	0.4038188494492045	16x	0.9
2	3	0.7504582951420714	16x	0.9
2	2	0.10675415937220711	16x	0.9
2	2	0.12393655957706384	16x	0.9
2	3	0.18947084166983758	16x	0.9
2	3	0.5788889753173859	16x	0.9
2	2	0.15281173594132036	16x	0.9
2	3	0.7472092185812027	16x	0.9
2	2	0.9208	16x	0.9
2	3	0.6586025354152264	16x	0.9
2	3	0.15411584431504752	16x	0.9
2	3	0.576874580378928	16x	0.9
2	2	0.9599960816486464	16x	0.9
2	2	1.0	16x	0.9
2	2	0.9599960816486464	16x	0.9
2	2	0.9208012930401136	16x	0.9
2	3	0.1025429238513091	16x	0.9
2	3	0.7472092185812027	16x	0.9
2	2	0.17084212966917633	16x	0.9
2	2	0.6690909090909091	16x	0.9
2	3	0.6307058015117306	16x	0.9
2	4	0.5355619709992783	16x	0.9
2	3	0.6888117612389901	16x	0.9
2	3	0.2095929555182183	16x	0.9
2	2	0.7026735873078053	16x	0.9
2	3	0.25330566843869323	16x	0.9
2	2	1.0	16x	0.9
2	2	0.9208012930401136	16x	0.9
2	4	0.5269957143150081	16x	0.9
2	2	1.0	16x	0.9
2	2	0.9208012930401136	16x	0.9
2	2	0.8824127248460211	16x	0.9
2	2	0.7026735873078053	16x	0.9
2	3	0.7472092185812027	16x	0.9
2	1	0.0	16x	0.9
2	3	0.3385300668151448	16x	0.9
2	1	0.0	16x	0.9
2	3	0.2508686275071516	16x	0.9
2	3	0.5266183044852375	16x	0.9
2	2	0.1531016278046634	16x	0.9
2	2	0.6690584936388015	16x	0.9
2	3	0.7216813779049069	16x	0.9
2	3	0.500950535366048	16x	0.9
2	3	0.7728549869329963	16x	0.9
2	3	0.7176070488764114	16x	0.9
2	2	0.6364215062187837	16x	0.9
2	3	0.7504582951420714	16x	0.9
2	3	0.7533333606084535	16x	0.9
2	2	1.0	16x	0.9
2	2	0.9599960816486464	64x	0.1
2	2	1.0	64x	0.1
2	2	0.9208012930401136	64x	0.1
2	2	1.0	64x	0.1
2	2	0.9599960816486464	64x	0.1
2	2	1.0	64x	0.1
2	2	1.0	64x	0.1
2	2	1.0	64x	0.1
2	2	0.9208	64x	0.1
2	2	1.0	64x	0.1
2	2	1.0	64x	0.1
2	2	1.0	64x	0.1
2	2	0.9208012930401136	64x	0.1
2	2	1.0	64x	0.1
2	2	0.8080682750429576	64x	0.1
2	2	0.8824127248460211	64x	0.1
2	2	0.8824127248460211	64x	0.1
2	2	1.0	64x	0.1
2	2	1.0	64x	0.1
2	2	1.0	64x	0.1
2	2	1.0	64x	0.1
2	2	1.0	64x	0.1
2	2	0.8448351863643042	64x	0.1
2	2	0.9208012930401136	64x	0.1
2	2	0.9599960816486464	64x	0.1
2	2	1.0	64x	0.1
2	2	1.0	64x	0.1
2	2	0.8824127248460211	64x	0.1
2	2	0.9208012930401136	64x	0.1
2	2	0.9208012930401136	64x	0.1
2	2	0.7721128416103438	64x	0.1
2	2	1.0	64x	0.1
2	2	0.9599960816486464	64x	0.1
2	2	1.0	64x	0.1
2	2	1.0	64x	0.1
2	2	0.9599960816486464	64x	0.1
2	2	1.0	64x	0.1
2	2	0.9599960816486464	64x	0.1
2	2	1.0	64x	0.1
2	2	0.9208	64x	0.1
2	2	1.0	64x	0.1
2	2	0.9208	64x	0.1
2	2	0.9599960816486464	64x	0.1
2	2	0.9208012930401136	64x	0.1
2	2	1.0	64x	0.1
2	2	1.0	64x	0.1
2	2	1.0	64x	0.1
2	2	0.9208012930401136	64x	0.1
2	2	0.9208012930401136	64x	0.1
2	2	1.0	64x	0.1
2	2	1.0	64x	0.1
2	2	0.9599960816486464	64x	0.1
2	2	0.9599960816486464	64x	0.1
2	2	0.9599960816486464	64x	0.1
2	2	1.0	64x	0.1
2	2	0.9599960816486464	64x	0.1
2	2	1.0	64x	0.1
2	2	1.0	64x	0.1
2	2	1.0	64x	0.1
2	2	0.8080682750429576	64x	0.1
2	2	0.8448351863643042	64x	0.1
2	2	1.0	64x	0.1
2	2	0.9599960816486464	64x	0.1
2	2	1.0	64x	0.1
2	2	0.9599960816486464	64x	0.1
2	2	1.0	64x	0.1
2	2	0.9208012930401136	64x	0.1
2	2	0.9599960816486464	64x	0.1
2	2	0.9599960816486464	64x	0.1
2	2	1.0	64x	0.1
2	2	0.9599960816486464	64x	0.1
2	2	1.0	64x	0.1
2	2	1.0	64x	0.1
2	2	0.8824127248460211	64x	0.1
2	2	0.9208012930401136	64x	0.1
2	2	0.9599960816486464	64x	0.1
2	2	1.0	64x	0.1
2	2	0.9599960816486464	64x	0.1
2	2	0.9599960816486464	64x	0.1
2	2	1.0	64x	0.1
2	2	1.0	64x	0.1
2	2	1.0	64x	0.1
2	2	0.9599960816486464	64x	0.1
2	2	1.0	64x	0.1
2	2	1.0	64x	0.1
2	2	0.9208	64x	0.1
2	2	0.9599960816486464	64x	0.1
2	2	0.9599960816486464	64x	0.1
2	2	1.0	64x	0.1
2	2	0.9208012930401136	64x	0.1
2	2	0.9599960816486464	64x	0.1
2	2	1.0	64x	0.1
2	2	1.0	64x	0.1
2	2	0.8080808080808081	64x	0.1
2	2	1.0	64x	0.1
2	2	1.0	64x	0.1
2	2	0.9599960816486464	64x	0.1
2	2	1.0	64x	0.1
2	2	0.8448427857772554	64x	0.1
2	2	1.0	64x	0.1
2	2	1.0	64x	0.5
2	2	1.0	64x	0.5
2	2	1.0	64x	0.5
2	2	1.0	64x	0.5
2	2	0.8448326530612245	64x	0.5
2	2	1.0	64x	0.5
2	2	0.9599960816486464	64x	0.5
2	2	1.0	64x	0.5
2	2	0.9208012930401136	64x	0.5
2	2	0.9208	64x	0.5
2	2	0.7721314419105765	64x	0.5
2	2	0.9599960816486464	64x	0.5
2	2	0.9599960816486464	64x	0.5
2	2	1.0	64x	0.5
2	2	0.8824127248460211	64x	0.5
2	2	1.0	64x	0.5
2	2	0.8080808080808081	64x	0.5
2	2	1.0	64x	0.5
2	2	1.0	64x	0.5
2	2	0.8824127248460211	64x	0.5
2	2	0.9208012930401136	64x	0.5
2	2	1.0	64x	0.5
2	2	0.9208012930401136	64x	0.5
2	2	1.0	64x	0.5
2	2	0.9208012930401136	64x	0.5
2	2	1.0	64x	0.5
2	2	1.0	64x	0.5
2	2	0.8080682750429576	64x	0.5
2	3	0.7249336077681979	64x	0.5
2	2	0.8824127248460211	64x	0.5
2	2	0.7369954580512469	64x	0.5
2	2	0.9599960816486464	64x	0.5
2	2	0.9599960816486464	64x	0.5
2	2	0.8080620079101718	64x	0.5
2	2	0.9208012930401136	64x	0.5
2	2	0.9599960816486464	64x	0.5
2	2	0.8824165642894751	64x	0.5
2	2	0.9208012930401136	64x	0.5
2	2	1.0	64x	0.5
2	2	1.0	64x	0.5
2	2	0.9599960816486464	64x	0.5
2	2	0.8080808080808081	64x	0.5
2	3	0.6936941361359394	64x	0.5
2	3	0.7473498233215546	64x	0.5
2	2	1.0	64x	0.5
2	2	1.0	64x	0.5
2	2	1.0	64x	0.5
2	2	0.9208012930401136	64x	0.5
2	2	0.9208012930401136	64x	0.5
2	2	1.0	64x	0.5
2	2	1.0	64x	0.5
2	2	1.0	64x	0.5
2	2	0.8080620079101718	64x	0.5
2	2	0.9599960816486464	64x	0.5
2	2	0.8824165642894751	64x	0.5
2	2	1.0	64x	0.5
2	2	1.0	64x	0.5
2	2	0.9599960816486464	64x	0.5
2	2	1.0	64x	0.5
2	2	0.9208012930401136	64x	0.5
2	2	0.9208012930401136	64x	0.5
2	2	0.9208012930401136	64x	0.5
2	2	1.0	64x	0.5
2	2	0.9208012930401136	64x	0.5
2	2	0.8824165642894751	64x	0.5
2	2	0.9599960816486464	64x	0.5
2	2	1.0	64x	0.5
2	2	0.6691665204565022	64x	0.5
2	2	0.9599960816486464	64x	0.5
2	2	1.0	64x	0.5
2	3	0.8640421149004349	64x	0.5
2	2	0.9208012930401136	64x	0.5
2	2	1.0	64x	0.5
2	3	0.7874015748031497	64x	0.5
2	2	0.9208012930401136	64x	0.5
2	2	1.0	64x	0.5
2	2	1.0	64x	0.5
2	2	1.0	64x	0.5
2	2	1.0	64x	0.5
2	2	0.8824127248460211	64x	0.5
2	2	0.9599960816486464	64x	0.5
2	2	1.0	64x	0.5
2	2	0.8824165642894751	64x	0.5
2	2	0.8080808080808081	64x	0.5
2	2	0.9599960816486464	64x	0.5
2	2	0.9208	64x	0.5
2	2	1.0	64x	0.5
2	2	0.8448351863643042	64x	0.5
2	3	0.7289735688768307	64x	0.5
2	2	0.7721314419105765	64x	0.5
2	2	0.9208012930401136	64x	0.5
2	2	1.0	64x	0.5
2	2	1.0	64x	0.5
2	2	0.9208012930401136	64x	0.5
2	2	0.9208012930401136	64x	0.5
2	2	1.0	64x	0.5
2	2	0.9599960816486464	64x	0.5
2	2	0.9599960816486464	64x	0.5
2	2	0.9599960816486464	64x	0.5
2	2	0.8824165642894751	64x	0.5
2	3	0.7472092185812027	64x	0.9
2	2	1.0	64x	0.9
2	3	0.7667004876771512	64x	0.9
2	2	0.9599960816486464	64x	0.9
2	2	0.9208012930401136	64x	0.9
2	3	0.7468030690537084	64x	0.9
2	2	1.0	64x	0.9
2	3	0.7874015748031497	64x	0.9
2	2	0.9599960816486464	64x	0.9
2	3	0.753301062641423	64x	0.9
2	2	1.0	64x	0.9
2	3	0.8052543974087903	64x	0.9
2	2	0.8448427857772554	64x	0.9
2	3	0.7727899394122868	64x	0.9
2	2	0.9599960816486464	64x	0.9
2	4	0.5703079211938146	64x	0.9
2	3	0.7569558101472996	64x	0.9
2	2	1.0	64x	0.9
2	2	1.0	64x	0.9
2	2	1.0	64x	0.9
2	3	0.7484276472200967	64x	0.9
2	3	0.7472092185812027	64x	0.9
2	3	0.7468030690537084	64x	0.9
2	3	0.7472092185812027	64x	0.9
2	2	1.0	64x	0.9
2	2	1.0	64x	0.9
2	4	0.5367856015156299	64x	0.9
2	2	0.9599960816486464	64x	0.9
2	4	0.5738880918220947	64x	0.9
2	4	0.525771842908232	64x	0.9
2	4	0.5470527277270102	64x	0.9
2	2	1.0	64x	0.9
2	3	0.6244613854822672	64x	0.9
2	2	1.0	64x	0.9
2	3	0.7456428887034219	64x	0.9
2	3	0.753301062641423	64x	0.9
2	2	1.0	64x	0.9
2	2	1.0	64x	0.9
2	4	0.5159797873736711	64x	0.9
2	3	0.753301062641423	64x	0.9
2	2	0.9599960816486464	64x	0.9
2	3	0.7468030690537084	64x	0.9
2	2	1.0	64x	0.9
2	3	0.7484276472200967	64x	0.9
2	3	0.7504582951420714	64x	0.9
2	3	0.7667004876771512	64x	0.9
2	2	1.0	64x	0.9
2	2	1.0	64x	0.9
2	3	0.7472092185812027	64x	0.9
2	3	0.7874015748031497	64x	0.9
2	3	0.7959230416857536	64x	0.9
2	3	0.7168546773540205	64x	0.9
2	2	1.0	64x	0.9
2	3	0.7192920006382795	64x	0.9
2	2	0.9599960816486464	64x	0.9
2	2	0.24370826390048936	64x	0.9
2	3	0.7472092185812027	64x	0.9
2	2	1.0	64x	0.9
2	3	0.7468030690537084	64x	0.9
2	2	1.0	64x	0.9
2	2	1.0	64x	0.9
2	3	0.753301062641423	64x	0.9
2	3	0.7472092185812027	64x	0.9
2	3	0.8932073744769874	64x	0.9
2	2	0.7026735873078053	64x	0.9
2	3	0.7484276472200967	64x	0.9
2	2	1.0	64x	0.9
2	3	0.5236021998166819	64x	0.9
2	3	0.7168546773540205	64x	0.9
2	3	0.7472092185812027	64x	0.9
2	2	1.0	64x	0.9
2	3	0.7468030690537084	64x	0.9
2	3	0.7192299664829161	64x	0.9
2	3	0.7176671317455187	64x	0.9
2	2	0.9599960816486464	64x	0.9
2	2	1.0	64x	0.9
2	3	0.942991680926574	64x	0.9
2	3	0.7534019657165294	64x	0.9
2	2	1.0	64x	0.9
2	3	0.7484276472200967	64x	0.9
2	3	0.8153951845066736	64x	0.9
2	2	0.9599960816486464	64x	0.9
2	3	0.7290400972053463	64x	0.9
2	3	0.7168546773540205	64x	0.9
2	3	0.7796904146349445	64x	0.9
2	4	0.34820597175333595	64x	0.9
2	2	1.0	64x	0.9
2	2	1.0	64x	0.9
2	2	1.0	64x	0.9
2	3	0.7168546773540205	64x	0.9
2	3	0.8381030253475061	64x	0.9
2	3	0.7468030690537084	64x	0.9
2	2	0.9599960816486464	64x	0.9
2	3	0.7796904146349445	64x	0.9
2	2	0.9599960816486464	64x	0.9
2	3	0.908998059442345	64x	0.9
2	3	0.7472092185812027	64x	0.9
2	4	0.5573564909491043	64x	0.9
2	2	1.0	64x	0.9
2	3	0.7484276472200967	64x	0.9
