num_cat	recon_cat	ari	mag
2	2	0.5432987041591718	8x
2	2	0.403925855823516	8x
2	1	0.0	8x
2	1	0.0	8x
2	2	0.8448351863643042	8x
2	2	0.48484848484848486	8x
2	2	0.6044056963032804	8x
2	2	0.8824165642894751	8x
2	2	0.4035852475877945	8x
2	2	0.7721314419105765	8x
2	1	0.0	8x
2	1	0.0	8x
2	2	0.6690584936388015	8x
2	2	0.4573484069886947	8x
2	1	0.0	8x
2	1	0.0	8x
2	2	0.5137714975687759	8x
2	1	0.0	8x
2	1	0.0	8x
2	2	0.6363799604956006	8x
2	1	0.0	8x
2	2	0.513557191596337	8x
2	2	0.6691665204565022	8x
2	2	0.6691665204565022	8x
2	2	0.40366313521278513	8x
2	2	0.5430750584576962	8x
2	1	0.0	8x
2	2	0.7026007738649165	8x
2	2	0.5135174845724361	8x
2	2	0.5136127705415728	8x
2	1	0.0	8x
2	1	0.0	8x
2	2	0.8080808080808081	8x
2	1	0.0	8x
2	1	0.0	8x
2	2	0.5134936572464124	8x
2	2	0.6690909090909091	8x
2	2	0.6044186131938011	8x
2	2	0.8448351863643042	8x
2	1	0.0	8x
2	2	0.7026007738649165	8x
2	2	0.4849661948498659	8x
2	2	0.6045348272611911	8x
2	1	0.0	8x
2	2	0.8824127248460211	8x
2	2	0.9599960816486464	8x
2	2	0.5734012339633728	8x
2	1	0.0	8x
2	2	1.0	8x
2	2	0.8080620079101718	8x
2	2	0.8080808080808081	8x
2	1	0.0	8x
2	1	0.0	8x
2	1	0.0	8x
2	1	0.0	8x
2	2	0.9599960816486464	8x
2	2	0.5134857142857143	8x
2	1	0.0	8x
2	2	0.6690692994951206	8x
2	1	0.0	8x
2	1	0.0	8x
2	1	0.0	8x
2	2	0.48489893857963096	8x
2	2	0.8080808080808081	8x
2	2	0.9599960816486464	8x
2	2	0.9599960816486464	8x
2	2	0.6044444444444445	8x
2	2	0.6364215062187837	8x
2	1	0.0	8x
2	2	0.5432092721553845	8x
2	2	0.8080620079101718	8x
2	2	0.263003232441963	8x
2	2	0.48484848484848486	8x
2	2	0.48489893857963096	8x
2	2	0.32965319641319296	8x
2	2	0.48484848484848486	8x
2	2	0.7369954580512469	8x
2	1	0.0	8x
2	2	0.5136842105263159	8x
2	2	0.4302338386990199	8x
2	2	0.42986176018023825	8x
2	2	0.22286413708690336	8x
2	2	0.8448326530612245	8x
2	2	0.8448351863643042	8x
2	2	0.7721016799725718	8x
2	2	0.6363799604956006	8x
2	2	0.8080808080808081	8x
2	2	0.6364215062187837	8x
2	2	0.8080808080808081	8x
2	2	0.8080808080808081	8x
2	2	0.7721314419105765	8x
2	2	0.43012226614610743	8x
2	2	0.4038188494492045	8x
2	1	0.0	8x
2	2	0.48479802123256643	8x
2	2	0.5432987041591718	8x
2	2	0.8080620079101718	8x
2	2	0.9599960816486464	8x
2	1	0.0	8x
2	2	0.7721314419105765	8x
2	2	0.6364749082007344	16x
2	2	0.8448326530612245	16x
2	2	0.6690584936388015	16x
2	2	0.7026007738649165	16x
2	1	0.0	16x
2	2	0.9599960816486464	16x
2	2	0.8080620079101718	16x
2	2	0.8080808080808081	16x
2	2	0.4848148435363599	16x
2	1	0.0	16x
2	2	0.9208012930401136	16x
2	2	0.8080808080808081	16x
2	2	0.9599960816486464	16x
2	2	1.0	16x
2	2	0.9208012930401136	16x
2	2	0.9208012930401136	16x
2	2	0.8824165642894751	16x
2	2	0.6363324680413381	16x
2	2	0.8448427857772554	16x
2	2	0.8824165642894751	16x
2	2	0.9208012930401136	16x
2	2	0.7025959183673469	16x
2	2	0.7026396121386246	16x
2	2	0.5432092721553845	16x
2	2	0.6691665204565022	16x
2	2	0.8448427857772554	16x
2	2	0.9599960816486464	16x
2	2	0.7369696969696969	16x
2	2	0.3535116074052307	16x
2	2	0.8824127248460211	16x
2	2	0.9208012930401136	16x
2	2	0.457481162540366	16x
2	2	1.0	16x
2	2	0.6691665204565022	16x
2	2	0.7369696969696969	16x
2	2	0.9599960816486464	16x
2	2	1.0	16x
2	2	0.9599960816486464	16x
2	2	0.9599960816486464	16x
2	2	0.9599960816486464	16x
2	2	0.6044186131938011	16x
2	2	0.8824165642894751	16x
2	2	0.9208012930401136	16x
2	2	0.22335844994617873	16x
2	2	0.8824165642894751	16x
2	2	0.9599960816486464	16x
2	2	0.8080808080808081	16x
2	2	0.7721016799725718	16x
2	2	0.8448351863643042	16x
2	2	1.0	16x
2	2	0.28444444444444444	16x
2	2	1.0	16x
2	2	0.4569142857142857	16x
2	1	0.0	16x
2	2	0.6691233181935041	16x
2	2	0.403925855823516	16x
2	2	0.7025959183673469	16x
2	2	0.4569231522750649	16x
2	2	0.9599960816486464	16x
2	2	1.0	16x
2	2	0.513557191596337	16x
2	2	0.4302338386990199	16x
2	2	1.0	16x
2	2	0.6044186131938011	16x
2	2	0.3535116074052307	16x
2	2	0.8824165642894751	16x
2	2	0.8448427857772554	16x
2	2	0.8080682750429576	16x
2	2	0.8824127248460211	16x
2	2	0.457481162540366	16x
2	2	0.5432092721553845	16x
2	2	0.8080808080808081	16x
2	2	0.8824165642894751	16x
2	2	1.0	16x
2	2	0.45699407434009703	16x
2	2	0.9208012930401136	16x
2	2	0.40436320946992543	16x
2	2	0.7026396121386246	16x
2	2	0.7721016799725718	16x
2	2	0.7026007738649165	16x
2	2	1.0	16x
2	2	0.9599960816486464	16x
2	2	0.6690692994951206	16x
2	2	1.0	16x
2	2	0.9208012930401136	16x
2	1	0.0	16x
2	2	0.8080620079101718	16x
2	2	0.5732967625018367	16x
2	2	0.4851510590653794	16x
2	2	0.7369525201115061	16x
2	1	0.0	16x
2	2	0.6691233181935041	16x
2	2	0.8824165642894751	16x
2	2	0.3781818181818182	16x
2	2	0.9208012930401136	16x
2	2	0.6691665204565022	16x
2	2	0.6364215062187837	16x
2	2	0.9208012930401136	16x
2	2	0.6691233181935041	16x
2	2	0.9599960816486464	16x
2	2	0.8824165642894751	32x
2	2	0.8824165642894751	32x
2	2	0.9599960816486464	32x
2	2	0.8080682750429576	32x
2	2	0.9599960816486464	32x
2	2	1.0	32x
2	2	1.0	32x
2	2	0.8448351863643042	32x
2	2	1.0	32x
2	2	0.9208012930401136	32x
2	2	0.9599960816486464	32x
2	2	0.9208012930401136	32x
2	2	0.8080620079101718	32x
2	2	0.9599960816486464	32x
2	2	0.8824127248460211	32x
2	2	1.0	32x
2	2	0.9599960816486464	32x
2	2	1.0	32x
2	2	0.8824165642894751	32x
2	2	0.8448326530612245	32x
2	2	0.8824165642894751	32x
2	2	1.0	32x
2	2	0.9599960816486464	32x
2	2	0.8080620079101718	32x
2	2	0.9599960816486464	32x
2	2	0.9208012930401136	32x
2	2	0.9599960816486464	32x
2	2	0.9208012930401136	32x
2	2	0.8448351863643042	32x
2	2	0.9599960816486464	32x
2	2	0.7026735873078053	32x
2	2	0.6045348272611911	32x
2	2	0.8080682750429576	32x
2	2	0.9599960816486464	32x
2	2	0.8824165642894751	32x
2	2	0.9208012930401136	32x
2	2	0.9599960816486464	32x
2	2	1.0	32x
2	2	1.0	32x
2	2	1.0	32x
2	2	0.9208	32x
2	2	1.0	32x
2	2	0.9599960816486464	32x
2	2	0.9208	32x
2	2	0.8448351863643042	32x
2	2	0.6044186131938011	32x
2	2	0.9599960816486464	32x
2	2	0.9599960816486464	32x
2	2	0.7721016799725718	32x
2	2	1.0	32x
2	2	1.0	32x
2	2	1.0	32x
2	2	0.7026153394064061	32x
2	2	0.9208012930401136	32x
2	2	1.0	32x
2	2	0.7720979591836735	32x
2	2	0.7721016799725718	32x
2	2	0.8080682750429576	32x
2	2	0.9208012930401136	32x
2	2	0.7026396121386246	32x
2	2	1.0	32x
2	2	0.9599960816486464	32x
2	2	0.9599960816486464	32x
2	2	0.9599960816486464	32x
2	2	0.9208	32x
2	2	1.0	32x
2	2	0.7720979591836735	32x
2	2	1.0	32x
2	2	0.9599960816486464	32x
2	2	1.0	32x
2	2	0.8824127248460211	32x
2	2	1.0	32x
2	2	0.9599960816486464	32x
2	2	0.9599960816486464	32x
2	2	0.5432092721553845	32x
2	2	0.9599960816486464	32x
2	2	0.8824127248460211	32x
2	2	0.9208012930401136	32x
2	2	1.0	32x
2	2	0.8448427857772554	32x
2	2	0.8448427857772554	32x
2	2	0.9208	32x
2	2	1.0	32x
2	2	0.8448351863643042	32x
2	2	0.8080620079101718	32x
2	2	0.7721314419105765	32x
2	2	1.0	32x
2	2	1.0	32x
2	2	1.0	32x
2	2	0.9599960816486464	32x
2	2	0.9599960816486464	32x
2	2	0.8080682750429576	32x
2	2	1.0	32x
2	2	0.6364215062187837	32x
2	2	1.0	32x
2	2	0.7721016799725718	32x
2	2	1.0	32x
2	2	1.0	32x
2	2	0.9599960816486464	32x
2	2	1.0	32x
2	2	1.0	64x
2	2	1.0	64x
2	2	1.0	64x
2	2	0.9599960816486464	64x
2	2	0.8080682750429576	64x
2	2	0.9599960816486464	64x
2	2	1.0	64x
2	2	0.9599960816486464	64x
2	2	0.9599960816486464	64x
2	2	0.9599960816486464	64x
2	2	0.8824165642894751	64x
2	2	0.9599960816486464	64x
2	2	0.9599960816486464	64x
2	2	1.0	64x
2	2	0.9599960816486464	64x
2	2	1.0	64x
2	2	1.0	64x
2	2	1.0	64x
2	2	0.9599960816486464	64x
2	2	1.0	64x
2	2	1.0	64x
2	2	1.0	64x
2	2	0.6691233181935041	64x
2	2	0.9599960816486464	64x
2	2	0.8080808080808081	64x
2	2	0.9599960816486464	64x
2	2	0.9208012930401136	64x
2	2	1.0	64x
2	2	1.0	64x
2	2	1.0	64x
2	2	0.9599960816486464	64x
2	2	1.0	64x
2	2	1.0	64x
2	2	0.9208	64x
2	2	0.9599960816486464	64x
2	2	0.9599960816486464	64x
2	2	0.9599960816486464	64x
2	2	1.0	64x
2	2	1.0	64x
2	2	0.9599960816486464	64x
2	2	0.9599960816486464	64x
2	2	0.9599960816486464	64x
2	2	0.8448427857772554	64x
2	2	0.9599960816486464	64x
2	2	1.0	64x
2	2	1.0	64x
2	2	1.0	64x
2	2	0.8080808080808081	64x
2	2	0.9599960816486464	64x
2	2	1.0	64x
2	2	1.0	64x
2	2	0.9208012930401136	64x
2	2	0.9208012930401136	64x
2	2	0.9208012930401136	64x
2	2	0.9599960816486464	64x
2	2	1.0	64x
2	2	1.0	64x
2	2	1.0	64x
2	2	1.0	64x
2	2	0.8448326530612245	64x
2	2	0.8824165642894751	64x
2	2	1.0	64x
2	2	0.9599960816486464	64x
2	2	1.0	64x
2	2	0.9599960816486464	64x
2	2	1.0	64x
2	2	1.0	64x
2	2	0.9208	64x
2	2	0.9208012930401136	64x
2	2	1.0	64x
2	2	0.9599960816486464	64x
2	2	1.0	64x
2	2	1.0	64x
2	2	1.0	64x
2	2	0.9208012930401136	64x
2	2	1.0	64x
2	2	0.9599960816486464	64x
2	2	0.9599960816486464	64x
2	2	1.0	64x
2	2	0.7026396121386246	64x
2	2	1.0	64x
2	2	1.0	64x
2	2	0.9599960816486464	64x
2	2	1.0	64x
2	2	0.9599960816486464	64x
2	2	0.9208012930401136	64x
2	2	1.0	64x
2	2	0.9599960816486464	64x
2	2	0.8080808080808081	64x
2	2	0.8824165642894751	64x
2	2	0.9599960816486464	64x
2	2	1.0	64x
2	2	1.0	64x
2	2	0.9208012930401136	64x
2	2	0.9208012930401136	64x
2	2	1.0	64x
2	2	1.0	64x
2	2	1.0	64x
2	2	0.9599960816486464	64x
2	2	1.0	64x
